temps=6500:3600
latlon=55.000000:37.000000
speed=1000
method=Auto
